60
4
3
150	300	50	0	125	150	200	500	500	125	500	100	300	50	125	500	50	25	100	125	100	25	100	125	125	0	100	250	250	100	50	125	75	125	125	150	250	125	50	125	25	125	0	150	25	25	75	150	75	200	200	125	100	100	125	50	100	50	300	50
300	75	1500	20	20	1500	40	1500	1500	1500	1500	20	75	1500	20	1500	1500	1500	40	20	20	1500	20	20	20	20	20	80	80	20	1500	1500	20	1500	20	1500	80	20	1500	1500	1500	1500	20	300	1500	1500	20	300	20	40	40	1500	40	20	1500	1500	20	1500	75	1500
5	5	20	5	5	25	5	30	30	25	30	5	5	20	5	30	20	20	5	5	5	20	5	5	5	5	5	30	30	5	20	25	5	25	5	25	30	5	20	25	20	25	5	5	20	20	5	5	5	5	5	25	5	5	25	20	5	20	5	20
2	10	2	3	10	3	10	10	10	10	10	1	10	2	10	10	2	1	10	10	10	1	1	10	10	3	1	10	10	1	2	10	5	10	10	3	10	10	2	10	1	10	3	2	1	1	5	2	5	10	10	10	10	1	10	2	10	2	10	2
1	1	1	1	1	1	1	1	1	1	1	1	1	1	1	1	1	1	1	1	1	1	0	0	0	0	0	0	0	0	0	0	0	0	0	0	0	0	0	0	0	0	0	0	0	0	0	0	0	0	0	0	0	0	0	0	0	0	0	0
0	0	0	0	0	0	0	0	0	0	0	0	0	0	0	0	0	0	0	0	0	0	1	1	1	1	1	1	1	1	1	1	1	1	1	1	1	1	1	1	1	1	0	0	0	0	0	0	0	0	0	0	0	0	0	0	0	0	0	0
0	0	0	0	0	0	0	0	0	0	0	0	0	0	0	0	0	0	0	0	0	0	0	0	0	0	0	0	0	0	0	0	0	0	0	0	0	0	0	0	0	0	1	1	1	1	1	1	1	1	1	1	1	1	1	1	1	1	1	1
